5
72.52 62.69 59.68
23.8225
14
PHQGHUME 0 0 0 49.37 44.8 10.45
PHQGHUME 0 44.8 0 49.37 10.45 44.8
FDXFIRCV 0 44.8 44.8 26.74 7.14 0.28
FDXFIRCV 0 51.94 44.8 26.74 0.28 7.14
FDXFIRCV 0 51.94 51.94 26.74 0.28 7.14
BWKFNQDU 0 55.25 0 36.46 3.42 46
BWKFNQDU 0 58.67 0 36.46 3.42 46
BWKFNQDU 0 0 10.45 3.42 36.46 46
BWKFNQDU 0 36.46 10.45 36.46 3.42 46
BWKFNQDU 0 39.88 10.45 36.46 3.42 46
BWKFNQDU 49.37 0 0 3.42 36.46 46
GXRPNRVY 52.79 0 0 5.56 22.55 40.63
GXRPNRVY 49.37 36.46 0 22.55 5.56 40.63
FMZNIMKK 49.37 44.8 0 13.51 9.09 25.51
51.39 57.89 60.01
22.5195
16
OZVSRTKJ 0 0 0 14.12 51.73 12.58
OZVSRTKJ 0 0 12.58 14.12 51.73 12.58
OZVSRTKJ 0 0 25.16 14.12 51.73 12.58
OZVSRTKJ 0 0 37.74 14.12 51.73 12.58
OZVSRTKJ 14.12 0 0 14.12 51.73 12.58
GXRPNRVY 14.12 0 12.58 5.56 22.55 40.63
GXRPNRVY 14.12 22.55 12.58 5.56 22.55 40.63
GXRPNRVY 0 51.73 0 22.55 5.56 40.63
GXRPNRVY 28.24 0 0 22.55 5.56 40.63
GXRPNRVY 28.24 5.56 0 22.55 5.56 40.63
GXRPNRVY 28.24 11.12 0 22.55 5.56 40.63
GXRPNRVY 28.24 16.68 0 22.55 5.56 40.63
YSYYCQPE 28.24 22.24 0 12.32 28.11 44.62
FMZNIMKK 28.24 22.24 44.62 9.09 25.51 13.51
FMZNIMKK 0 0 50.32 13.51 25.51 9.09
FMZNIMKK 0 25.51 50.32 13.51 25.51 9.09
43.21 62.92 57.58
7.67361
9
YSYYCQPE 0 0 0 12.32 44.62 28.11
FMZNIMKK 0 0 28.11 9.09 13.51 25.51
RENZKYCX 0 44.62 0 30.29 8.85 56.98
RENZKYCX 0 53.47 0 30.29 8.85 56.98
RENZKYCX 12.32 0 0 30.29 8.85 56.98
RENZKYCX 12.32 8.85 0 30.29 8.85 56.98
RENZKYCX 12.32 17.7 0 30.29 8.85 56.98
RENZKYCX 12.32 26.55 0 30.29 8.85 56.98
RENZKYCX 12.32 35.4 0 30.29 8.85 56.98
134.12 53.22 58
7.39439
11
RENZKYCX 0 0 0 30.29 8.85 56.98
RENZKYCX 0 8.85 0 30.29 8.85 56.98
GYPSFADP 0 17.7 0 49.3 34.92 11.48
GYPSFADP 0 17.7 11.48 49.3 34.92 11.48
GYPSFADP 0 17.7 22.96 49.3 34.92 11.48
GYPSFADP 0 17.7 34.44 49.3 34.92 11.48
GYPSFADP 0 17.7 45.92 49.3 34.92 11.48
GYPSFADP 49.3 17.7 0 49.3 34.92 11.48
GYPSFADP 98.6 17.7 0 34.92 11.48 49.3
GYPSFADP 98.6 29.18 0 34.92 11.48 49.3
ZBCOEJUV 49.3 17.7 11.48 45.35 28.52 43.31
45.95 43.91 57.64
1.5173
2
ZBCOEJUV 0 0 0 45.35 43.31 28.52
ZBCOEJUV 0 0 28.52 45.35 43.31 28.52
