2
62.97 62.88 62.95
22.3432
19
AU-32747 0.6 0.6 0.6 58.16 52.05 50.41
AU-7494 0.6 0.6 51.01 51.73 45.8 11.34
AU-32623 0.6 52.65 0.6 50.71 9.37 46.31
AU-30214 58.76 0.6 0.6 3.58 51.42 53.63
AU-13478 0.6 52.65 46.91 49.24 8.02 15.1
AU-6642 51.31 52.65 0.6 10.19 8.94 52.56
AU-1639 0.6 46.4 51.01 48.59 3.65 10.17
AU-11809 52.33 0.6 51.01 4.89 44.98 5.74
AU-24410 58.76 0.6 54.23 3.49 31.54 8.08
AU-12318 52.33 0.6 56.75 3.37 40.63 5.56
AU-1552 0.6 50.05 51.01 44.59 2.16 7.85
AU-8494 0.6 62.02 0.6 31.54 0.26 57.29
AU-8074 57.22 0.6 51.01 1.54 32.83 8.63
AU-14148 0.6 60.67 46.91 23.52 1.26 14.56
AU-14904 61.5 52.65 0.6 0.87 8.17 51.74
AU-6904 32.14 62.02 0.6 27.4 0.23 45.04
AU-19697 58.76 32.14 54.23 2.5 14.5 6.7
AU-3791 24.12 60.67 46.91 20.85 0.66 15.15
AU-8795 51.31 52.65 53.16 6.28 3.91 8.39
70 70 70
1
0