11
61.76 61 60.51
11.1791
9
UK-43 0.6 0.6 0.6 33.82 11.6 48.52
UK-43 0.6 12.2 0.6 33.82 11.6 48.52
UK-43 0.6 23.8 0.6 33.82 11.6 48.52
UK-43 0.6 35.4 0.6 33.82 11.6 48.52
UK-43 0.6 47 0.6 33.82 11.6 48.52
UK-3 0.6 58.6 0.6 30.81 0.9 18.24
UK-3 0.6 58.6 18.84 30.81 0.9 18.24
UK-3 0.6 59.5 0.6 30.81 0.9 18.24
UK-464 34.42 0.6 0.6 26.74 9.95 59.31
60.51 60.52 58.58
5.39122
4
UK-325 0.6 0.6 0.6 53.76 49.37 44.8
UK-464 0.6 49.97 0.6 59.31 9.95 26.74
UK-464 0.6 49.97 27.34 59.31 9.95 26.74
UK-125 0.6 0.6 45.4 50.62 46.78 12.58
60.51 60.52 60.3
6.4437
4
UK-325 0.6 0.6 0.6 53.76 49.37 44.8
UK-464 0.6 49.97 0.6 59.31 9.95 26.74
UK-284 0.6 49.97 27.34 55.54 8.54 32.36
UK-125 0.6 0.6 45.4 50.62 46.78 12.58
56.74 59.11 58.58
5.99516
3
UK-325 0.6 0.6 0.6 53.76 49.37 44.8
UK-284 0.6 49.97 0.6 55.54 8.54 32.36
UK-125 0.6 0.6 45.4 50.62 46.78 12.58
54.96 50.57 58.58
4.47782
2
UK-325 0.6 0.6 0.6 53.76 49.37 44.8
UK-125 0.6 0.6 45.4 50.62 46.78 12.58
54.96 50.57 58.58
4.47782
2
UK-325 0.6 0.6 0.6 53.76 49.37 44.8
UK-125 0.6 0.6 45.4 50.62 46.78 12.58
54.96 50.57 58.58
4.47782
2
UK-325 0.6 0.6 0.6 53.76 49.37 44.8
UK-125 0.6 0.6 45.4 50.62 46.78 12.58
62.51 55.77 51.44
14.1936
7
UK-294 0.6 0.6 0.6 22.67 31.9 34.27
UK-294 23.27 0.6 0.6 22.67 31.9 34.27
UK-294 0.6 32.5 0.6 31.9 22.67 34.27
UK-114 32.5 32.5 0.6 27.05 21.13 39.78
UK-154 45.94 0.6 0.6 15.97 23.55 17.84
UK-154 45.94 0.6 18.44 15.97 23.55 17.84
UK-154 0.6 0.6 34.87 17.84 23.55 15.97
62.51 55.77 51.44
14.1936
7
UK-294 0.6 0.6 0.6 22.67 31.9 34.27
UK-294 23.27 0.6 0.6 22.67 31.9 34.27
UK-294 0.6 32.5 0.6 31.9 22.67 34.27
UK-114 32.5 32.5 0.6 27.05 21.13 39.78
UK-154 45.94 0.6 0.6 15.97 23.55 17.84
UK-154 45.94 0.6 18.44 15.97 23.55 17.84
UK-154 0.6 0.6 34.87 17.84 23.55 15.97
56.95 59.44 38.3
13.837
6
UK-114 0.6 0.6 0.6 39.78 27.05 21.13
UK-449 0.6 27.65 0.6 48.16 31.19 18.12
UK-449 0.6 27.65 18.72 48.16 31.19 18.12
UK-154 0.6 0.6 21.73 23.55 17.84 15.97
UK-154 40.38 0.6 0.6 15.97 23.55 17.84
UK-154 40.38 0.6 18.44 15.97 23.55 17.84
26.36 47.98 51.82
6.53264
2
UK-125 0.6 0.6 0.6 12.58 46.78 50.62
UK-125 13.18 0.6 0.6 12.58 46.78 50.62
