52
62.53 62.36 62.87
22.2791
22
US-3559 0.6 0.6 0.6 52.14 51.07 44.66
US-28255 0.6 0.6 45.26 46.78 50.62 12.58
US-31675 52.74 0.6 0.6 9.19 40.99 52.64
US-31675 0.6 51.67 0.6 40.99 9.19 52.64
US-24650 0.6 0.6 57.84 41.17 32.61 4.43
US-18758 41.59 51.67 0.6 13.51 9.09 21.68
US-18758 41.59 51.67 22.28 13.51 9.09 21.68
US-9834 55.1 51.67 0.6 3.94 7.63 56.64
US-9834 52.74 41.59 0.6 7.63 3.94 56.64
US-9834 52.74 45.53 0.6 7.63 3.94 56.64
US-12318 52.74 0.6 53.24 5.56 40.63 3.37
US-12318 52.74 0.6 56.61 5.56 40.63 3.37
US-12318 58.3 0.6 53.24 3.37 40.63 5.56
US-12318 0.6 33.21 57.84 40.63 5.56 3.37
US-12318 0.6 38.77 57.84 40.63 5.56 3.37
US-12318 0.6 44.33 57.84 40.63 5.56 3.37
US-12318 47.38 0.6 45.26 3.37 40.63 5.56
US-23283 0.6 60.86 0.6 30.81 0.9 18.24
US-23283 0.6 60.86 18.84 30.81 0.9 18.24
US-23283 0.6 60.86 37.08 30.81 0.9 18.24
US-6902 52.74 49.47 0.6 6.94 0.86 33.19
US-6902 52.74 50.33 0.6 6.94 0.86 33.19
62.92 61.88 62.87
22.8279
12
US-3559 0.6 0.6 0.6 52.14 51.07 44.66
US-28255 0.6 0.6 45.26 46.78 50.62 12.58
US-31675 52.74 0.6 0.6 9.19 40.99 52.64
US-20602 0.6 51.67 0.6 57.78 9.61 30.25
US-20602 0.6 51.67 30.85 57.78 9.61 30.25
US-24650 0.6 0.6 57.84 41.17 32.61 4.43
US-9834 52.74 41.59 0.6 7.63 3.94 56.64
US-9834 52.74 45.53 0.6 7.63 3.94 56.64
US-9834 58.38 51.67 0.6 3.94 7.63 56.64
US-6902 0.6 51.67 61.1 33.19 6.94 0.86
US-6902 52.74 49.47 0.6 6.94 0.86 33.19
US-8283 0.6 51.67 61.96 8.67 3.66 0.1
62.95 61.88 62.87
22.9783
12
US-3559 0.6 0.6 0.6 52.14 51.07 44.66
US-28255 0.6 0.6 45.26 46.78 50.62 12.58
US-20602 52.74 0.6 0.6 9.61 30.25 57.78
US-20602 0.6 51.67 0.6 30.25 9.61 57.78
US-16943 30.85 51.67 0.6 25.57 6.28 39.78
US-24650 0.6 0.6 57.84 41.17 32.61 4.43
US-18758 52.74 30.85 0.6 9.09 13.51 21.68
US-18758 52.74 30.85 22.28 9.09 13.51 21.68
US-9834 52.74 44.36 0.6 7.63 3.94 56.64
US-31187 30.85 57.95 0.6 19.79 1.67 36.72
US-8283 0.6 51.22 45.26 8.67 0.1 3.66
US-8283 0.6 51.22 48.92 8.67 0.1 3.66
62.59 62.17 62.39
22.2209
12
US-11480 0.6 0.6 0.6 53.76 49.37 44.8
US-28255 0.6 0.6 45.4 50.62 46.78 12.58
US-43 0.6 49.97 0.6 33.82 11.6 48.52
US-4829 34.42 49.97 0.6 26.74 9.95 59.31
US-483 54.36 0.6 0.6 7.59 42.47 37.03
US-24395 54.36 0.6 37.63 6.5 35.94 23.11
US-16120 0.6 0.6 57.98 41.99 30.29 3.81
US-9834 54.36 43.07 0.6 7.63 3.94 56.64
US-8283 54.36 0.6 60.74 3.66 8.67 0.1
US-8283 54.36 0.6 60.84 3.66 8.67 0.1
US-8283 54.36 0.6 60.94 3.66 8.67 0.1
US-8283 54.36 0.6 61.04 3.66 8.67 0.1
62.59 62.17 62.39
17.3809
10
US-11480 0.6 0.6 0.6 53.76 49.37 44.8
US-28255 0.6 0.6 45.4 50.62 46.78 12.58
US-43 0.6 49.97 0.6 33.82 11.6 48.52
US-4829 34.42 49.97 0.6 26.74 9.95 59.31
US-483 54.36 0.6 0.6 7.59 42.47 37.03
US-24395 54.36 0.6 37.63 6.5 35.94 23.11
US-16120 0.6 0.6 57.98 41.99 30.29 3.81
US-9834 54.36 43.07 0.6 7.63 3.94 56.64
US-8283 54.36 0.6 60.74 3.66 8.67 0.1
US-8283 54.36 0.6 60.84 3.66 8.67 0.1
62.67 62.17 62.39
13.122
12
US-11480 0.6 0.6 0.6 53.76 49.37 44.8
US-28255 0.6 0.6 45.4 50.62 46.78 12.58
US-43 0.6 49.97 0.6 33.82 11.6 48.52
US-4829 34.42 49.97 0.6 26.74 9.95 59.31
US-195 54.36 0.6 0.6 6.04 42.47 37.38
US-16120 0.6 0.6 57.98 41.99 30.29 3.81
US-9834 54.36 43.07 0.6 7.63 3.94 56.64
US-31187 54.36 0.6 37.98 1.67 36.72 19.79
US-31187 56.03 0.6 37.98 1.67 36.72 19.79
US-31187 57.7 0.6 37.98 1.67 36.72 19.79
US-31187 60.4 0.6 0.6 1.67 36.72 19.79
US-31187 60.4 0.6 20.39 1.67 36.72 19.79
61.76 62.17 62.39
9.90973
6
US-11480 0.6 0.6 0.6 53.76 49.37 44.8
US-28255 0.6 0.6 45.4 50.62 46.78 12.58
US-43 0.6 49.97 0.6 33.82 11.6 48.52
US-4829 34.42 49.97 0.6 26.74 9.95 59.31
US-195 54.36 0.6 0.6 6.04 42.47 37.38
US-16120 0.6 0.6 57.98 41.99 30.29 3.81
61 62.17 62.39
10.9095
6
US-11480 0.6 0.6 0.6 53.76 49.37 44.8
US-28255 0.6 0.6 45.4 50.62 46.78 12.58
US-43 0.6 49.97 0.6 33.82 11.6 48.52
US-6226 34.42 49.97 0.6 20.16 10.7 59.71
US-195 54.36 0.6 0.6 6.04 42.47 37.38
US-16120 0.6 0.6 57.98 41.99 30.29 3.81
61 62.44 62.73
16.0276
7
US-11480 0.6 0.6 0.6 53.76 49.37 44.8
US-9042 0.6 0.6 45.4 35.27 41.47 16.37
US-27626 0.6 49.97 0.6 37.61 11.87 39.46
US-6226 38.21 49.97 0.6 20.16 10.7 59.71
US-195 54.36 0.6 0.6 6.04 42.47 37.38
US-3436 35.87 0.6 45.4 17.42 30.3 13.63
US-23657 0.6 49.97 40.06 28.52 7.38 22.07
62.35 60.23 61.94
13.3756
8
US-18877 0.6 0.6 0.6 52.06 54.69 36.88
US-6424 0.6 0.6 37.48 45.68 50.37 23.86
US-31324 52.66 0.6 0.6 8.54 32.36 55.54
US-19978 0.6 55.29 0.6 57.37 4.34 52.54
US-18758 52.66 32.96 0.6 9.09 21.68 13.51
US-18758 52.66 32.96 14.11 9.09 21.68 13.51
US-18758 52.66 32.96 27.62 9.09 21.68 13.51
US-18758 52.66 32.96 41.13 9.09 21.68 13.51
62.35 60.23 61.94
9.53558
5
US-18877 0.6 0.6 0.6 52.06 54.69 36.88
US-6424 0.6 0.6 37.48 45.68 50.37 23.86
US-31324 52.66 0.6 0.6 8.54 32.36 55.54
US-19978 0.6 55.29 0.6 57.37 4.34 52.54
US-18758 52.66 32.96 0.6 9.09 21.68 13.51
61.94 60.23 61.94
10.7802
5
US-18877 0.6 0.6 0.6 52.06 54.69 36.88
US-6424 0.6 0.6 37.48 45.68 50.37 23.86
US-19978 52.66 0.6 0.6 4.34 52.54 57.37
US-19978 57 0.6 0.6 4.34 52.54 57.37
US-19978 0.6 55.29 0.6 57.37 4.34 52.54
62.2 61.93 61.94
11.1164
5
US-18877 0.6 0.6 0.6 52.06 54.69 36.88
US-6424 0.6 0.6 37.48 45.68 50.37 23.86
US-19978 52.66 0.6 0.6 4.34 52.54 57.37
US-195 0.6 55.29 0.6 42.47 6.04 37.38
US-2602 57 0.6 0.6 4.6 38.46 49.2
62.46 61.93 61.94
10.7999
5
US-18877 0.6 0.6 0.6 52.06 54.69 36.88
US-6424 0.6 0.6 37.48 45.68 50.37 23.86
US-195 0.6 55.29 0.6 42.47 6.04 37.38
US-2602 52.66 0.6 0.6 4.6 38.46 49.2
US-2602 57.26 0.6 0.6 4.6 38.46 49.2
62.46 60.49 61.94
9.83052
5
US-18877 0.6 0.6 0.6 52.06 54.69 36.88
US-6424 0.6 0.6 37.48 45.68 50.37 23.86
US-2602 0.6 55.29 0.6 38.46 4.6 49.2
US-2602 52.66 0.6 0.6 4.6 38.46 49.2
US-2602 57.26 0.6 0.6 4.6 38.46 49.2
62.46 60.49 61.94
9.83052
5
US-18877 0.6 0.6 0.6 52.06 54.69 36.88
US-6424 0.6 0.6 37.48 45.68 50.37 23.86
US-2602 0.6 55.29 0.6 38.46 4.6 49.2
US-2602 52.66 0.6 0.6 4.6 38.46 49.2
US-2602 57.26 0.6 0.6 4.6 38.46 49.2
62.69 62.37 60.87
13.0744
7
US-4315 0.6 0.6 0.6 50.82 51.86 35.81
US-6424 0.6 0.6 36.41 45.68 50.37 23.86
US-6272 51.42 0.6 0.6 10.67 49.03 28.52
US-6272 51.42 0.6 29.12 10.67 49.03 28.52
US-16943 0.6 52.46 0.6 39.78 6.28 25.57
US-902 0.6 58.74 0.6 59.68 3.03 34.36
US-3197 0.6 52.46 26.17 37.51 5.66 26.26
62.69 62.15 60.87
10.5315
7
US-4315 0.6 0.6 0.6 50.82 51.86 35.81
US-6424 0.6 0.6 36.41 45.68 50.37 23.86
US-6272 51.42 0.6 0.6 10.67 49.03 28.52
US-31318 51.42 0.6 29.12 10.59 37.85 22.45
US-902 0.6 52.46 0.6 59.68 3.03 34.36
US-902 0.6 55.49 0.6 59.68 3.03 34.36
US-902 0.6 58.52 0.6 59.68 3.03 34.36
62.72 62.15 61.35
13.6484
8
US-4315 0.6 0.6 0.6 50.82 51.86 35.81
US-24490 0.6 0.6 36.41 29.81 47.12 22.81
US-23988 30.41 0.6 36.41 16.77 34.12 24.34
US-6226 51.42 0.6 0.6 10.7 20.16 59.71
US-31318 51.42 20.76 0.6 10.59 22.45 37.85
US-902 0.6 52.46 0.6 59.68 3.03 34.36
US-902 0.6 55.49 0.6 59.68 3.03 34.36
US-902 0.6 58.52 0.6 59.68 3.03 34.36
62.59 61.87 61.8
13.1089
8
US-4598 0.6 0.6 0.6 43.99 50.08 42.48
US-25669 0.6 0.6 43.08 31.19 48.16 18.12
US-9042 44.59 0.6 0.6 16.37 35.27 41.47
US-29316 44.59 35.87 0.6 17.4 13.64 46.14
US-31318 0.6 50.68 0.6 37.85 10.59 22.45
US-31318 38.45 50.68 0.6 22.45 10.59 37.85
US-31318 0.6 50.68 23.05 37.85 10.59 22.45
US-20039 44.59 0.6 42.07 15.97 23.55 17.84
62.59 61.87 61.8
17.3289
8
US-4598 0.6 0.6 0.6 43.99 50.08 42.48
US-25669 0.6 0.6 43.08 31.19 48.16 18.12
US-9042 44.59 0.6 0.6 16.37 35.27 41.47
US-29316 44.59 35.87 0.6 17.4 13.64 46.14
US-31318 0.6 50.68 0.6 37.85 10.59 22.45
US-20039 44.59 0.6 42.07 15.97 23.55 17.84
US-3197 0.6 50.68 23.05 37.51 5.66 26.26
US-24395 38.45 50.68 0.6 23.11 6.5 35.94
62.59 60.37 60.51
16.5516
8
US-4598 0.6 0.6 0.6 43.99 50.08 42.48
US-9042 44.59 0.6 0.6 16.37 35.27 41.47
US-9042 0.6 0.6 43.08 35.27 41.47 16.37
US-29316 44.59 35.87 0.6 17.4 13.64 46.14
US-20039 44.59 0.6 42.07 15.97 23.55 17.84
US-902 0.6 50.68 0.6 59.68 3.03 34.36
US-902 0.6 53.71 0.6 59.68 3.03 34.36
US-902 0.6 56.74 0.6 59.68 3.03 34.36
62.59 60.14 61.21
17.2179
8
US-4598 0.6 0.6 0.6 43.99 50.08 42.48
US-9042 44.59 0.6 0.6 16.37 35.27 41.47
US-27626 0.6 0.6 43.08 37.61 39.46 11.87
US-29316 44.59 35.87 0.6 17.4 13.64 46.14
US-20039 44.59 0.6 42.07 15.97 23.55 17.84
US-24650 0.6 50.68 0.6 41.17 4.43 32.61
US-24650 0.6 55.11 0.6 41.17 4.43 32.61
US-3197 0.6 0.6 54.95 37.51 26.26 5.66
62.59 60.14 61.66
17.2038
9
US-4598 0.6 0.6 0.6 43.99 50.08 42.48
US-14947 44.59 0.6 0.6 16.31 17.87 58.98
US-14947 44.59 18.47 0.6 16.31 17.87 58.98
US-15892 0.6 0.6 43.08 28.11 44.62 12.32
US-29316 44.59 36.34 0.6 17.4 13.64 46.14
US-22815 28.71 0.6 43.08 13.95 26.2 17.42
US-24650 0.6 50.68 0.6 41.17 4.43 32.61
US-24650 0.6 55.11 0.6 41.17 4.43 32.61
US-3197 0.6 0.6 55.4 26.26 37.51 5.66
61.02 59.42 62.6
13.8959
7
US-28011 0.6 0.6 0.6 49.73 37.49 43.25
US-16946 0.6 38.09 0.6 59.4 20.73 45.09
US-14947 0.6 38.09 45.69 58.98 17.87 16.31
US-15892 0.6 0.6 43.85 44.62 28.11 12.32
US-24650 50.33 0.6 0.6 4.43 32.61 41.17
US-3197 0.6 0.6 56.17 37.51 26.26 5.66
US-3197 54.76 0.6 0.6 5.66 26.26 37.51
62.25 59.42 62.6
14.2121
7
US-28011 0.6 0.6 0.6 49.73 37.49 43.25
US-16946 0.6 38.09 0.6 59.4 20.73 45.09
US-14947 0.6 38.09 45.69 58.98 17.87 16.31
US-13403 0.6 0.6 43.85 27.93 30.07 17.92
US-20039 28.53 0.6 43.85 15.97 23.55 17.84
US-3197 50.33 0.6 0.6 5.66 26.26 37.51
US-3197 55.99 0.6 0.6 5.66 26.26 37.51
61.24 59.42 62.6
13.4788
8
US-28011 0.6 0.6 0.6 49.73 37.49 43.25
US-16946 0.6 38.09 0.6 59.4 20.73 45.09
US-14947 0.6 38.09 45.69 58.98 17.87 16.31
US-13403 0.6 0.6 43.85 27.93 30.07 17.92
US-20039 28.53 0.6 43.85 15.97 23.55 17.84
US-24395 50.33 0.6 0.6 6.5 35.94 23.11
US-24395 50.33 0.6 23.71 6.5 35.94 23.11
US-16120 56.83 0.6 0.6 3.81 30.29 41.99
62.87 62.11 62.38
15.6237
10
US-6040 0.6 0.6 0.6 44.27 33.31 54.31
US-16946 0.6 33.91 0.6 45.09 20.73 59.4
US-14947 44.87 0.6 0.6 16.31 17.87 58.98
US-14947 45.69 33.91 0.6 16.31 17.87 58.98
US-29316 44.87 18.47 0.6 17.4 13.64 46.14
US-21720 0.6 0.6 54.91 29.55 22.75 6.87
US-21720 0.6 54.64 0.6 29.55 6.87 22.75
US-21720 0.6 54.64 23.35 29.55 6.87 22.75
US-21720 30.15 54.64 0.6 29.55 6.87 22.75
US-21720 30.15 54.64 23.35 29.55 6.87 22.75
62.87 62.11 62.38
11.1537
7
US-6040 0.6 0.6 0.6 44.27 33.31 54.31
US-16946 0.6 33.91 0.6 45.09 20.73 59.4
US-14947 44.87 0.6 0.6 16.31 17.87 58.98
US-14947 45.69 33.91 0.6 16.31 17.87 58.98
US-29316 44.87 18.47 0.6 17.4 13.64 46.14
US-21720 0.6 0.6 54.91 29.55 22.75 6.87
US-21720 0.6 54.64 0.6 29.55 6.87 22.75
60.6 59.15 60.59
6.70074
5
US-24274 0.6 0.6 0.6 36.72 37.22 41.47
US-16946 0.6 37.82 0.6 59.4 20.73 45.09
US-21883 37.32 0.6 0.6 18.9 34.15 58.59
US-13403 0.6 0.6 42.07 27.93 30.07 17.92
US-29316 0.6 37.82 45.69 46.14 17.4 13.64
60.6 59.15 60.59
6.70074
5
US-24274 0.6 0.6 0.6 36.72 37.22 41.47
US-16946 0.6 37.82 0.6 59.4 20.73 45.09
US-21883 37.32 0.6 0.6 18.9 34.15 58.59
US-13403 0.6 0.6 42.07 27.93 30.07 17.92
US-29316 0.6 37.82 45.69 46.14 17.4 13.64
60.6 59.15 62.26
10.5323
6
US-24274 0.6 0.6 0.6 36.72 37.22 41.47
US-16946 0.6 37.82 0.6 59.4 20.73 45.09
US-21883 37.32 0.6 0.6 18.9 34.15 58.59
US-13403 0.6 0.6 42.07 27.93 30.07 17.92
US-20039 0.6 37.82 45.69 23.55 17.84 15.97
US-20039 24.15 37.82 45.69 23.55 17.84 15.97
60.6 59.15 62.26
9.74233
6
US-24274 0.6 0.6 0.6 36.72 37.22 41.47
US-16946 0.6 37.82 0.6 59.4 20.73 45.09
US-21883 37.32 0.6 0.6 18.9 34.15 58.59
US-13403 0.6 0.6 42.07 27.93 30.07 17.92
US-20039 0.6 37.82 45.69 23.55 17.84 15.97
US-22815 24.15 37.82 45.69 26.2 17.42 13.95
56.82 57.25 59.79
9.0879
4
US-24274 0.6 0.6 0.6 36.72 37.22 41.47
US-24184 0.6 37.82 0.6 49.6 18.83 57.54
US-21883 37.32 0.6 0.6 18.9 34.15 58.59
US-23988 0.6 0.6 42.07 24.34 34.12 16.77
56.82 57.25 59.79
9.0879
4
US-24274 0.6 0.6 0.6 36.72 37.22 41.47
US-24184 0.6 37.82 0.6 49.6 18.83 57.54
US-21883 37.32 0.6 0.6 18.9 34.15 58.59
US-23988 0.6 0.6 42.07 24.34 34.12 16.77
56.82 57.25 59.79
9.0879
4
US-24274 0.6 0.6 0.6 36.72 37.22 41.47
US-24184 0.6 37.82 0.6 49.6 18.83 57.54
US-21883 37.32 0.6 0.6 18.9 34.15 58.59
US-23988 0.6 0.6 42.07 24.34 34.12 16.77
57.69 50.8 58.74
8.86476
3
US-24184 0.6 0.6 0.6 18.83 49.6 57.54
US-24184 19.43 0.6 0.6 18.83 49.6 57.54
US-24184 38.26 0.6 0.6 18.83 49.6 57.54
57.7 50.8 58.74
7.10488
3
US-24184 0.6 0.6 0.6 18.83 49.6 57.54
US-24184 19.43 0.6 0.6 18.83 49.6 57.54
US-3604 38.26 0.6 0.6 18.84 44.59 56.46
55.51 60.95 55.74
6.18648
4
US-4641 0.6 0.6 0.6 54.31 41.57 18.18
US-4641 0.6 0.6 18.78 54.31 41.57 18.18
US-4641 0.6 0.6 36.96 54.31 41.57 18.18
US-4641 0.6 42.17 0.6 54.31 18.18 41.57
59.69 61.67 59.79
7.99122
5
US-4641 0.6 0.6 0.6 54.31 41.57 18.18
US-4641 0.6 0.6 18.78 54.31 41.57 18.18
US-4641 0.6 0.6 36.96 54.31 41.57 18.18
US-21883 0.6 42.17 0.6 34.15 18.9 58.59
US-23988 34.75 42.17 0.6 24.34 16.77 34.12
59.79 61.81 62.91
8.58531
5
US-21883 0.6 0.6 0.6 58.59 18.9 34.15
US-21883 0.6 19.5 0.6 58.59 18.9 34.15
US-24490 0.6 38.4 0.6 47.12 22.81 29.81
US-294 0.6 38.4 30.41 34.27 22.67 31.9
US-23988 0.6 0.6 34.75 34.12 16.77 24.34
43.11 57.36 60.62
9.46483
5
US-19817 0.6 0.6 0.6 41.91 35.08 21.08
US-19817 0.6 0.6 21.68 41.91 35.08 21.08
US-19817 0.6 35.68 0.6 41.91 21.08 35.08
US-23988 0.6 0.6 42.76 24.34 34.12 16.77
US-23988 0.6 35.68 35.68 34.12 16.77 24.34
43.11 59.22 60.18
5.89081
4
US-19817 0.6 0.6 0.6 41.91 35.08 21.08
US-19817 0.6 0.6 21.68 41.91 35.08 21.08
US-16689 0.6 35.68 0.6 41.29 22.94 31.93
US-5449 0.6 35.68 32.53 39.78 21.13 27.05
47.08 42.49 60.18
4.6082
3
US-16689 0.6 0.6 0.6 22.94 41.29 31.93
US-16689 23.54 0.6 0.6 22.94 41.29 31.93
US-5449 0.6 0.6 32.53 21.13 39.78 27.05
47.08 42.49 60.18
4.6082
3
US-16689 0.6 0.6 0.6 22.94 41.29 31.93
US-16689 23.54 0.6 0.6 22.94 41.29 31.93
US-5449 0.6 0.6 32.53 21.13 39.78 27.05
47.08 42.49 53.89
6.91735
3
US-16689 0.6 0.6 0.6 22.94 41.29 31.93
US-16689 23.54 0.6 0.6 22.94 41.29 31.93
US-18009 0.6 0.6 32.53 22.5 28.3 20.76
47.08 42.49 53.89
6.91735
3
US-16689 0.6 0.6 0.6 22.94 41.29 31.93
US-16689 23.54 0.6 0.6 22.94 41.29 31.93
US-18009 0.6 0.6 32.53 22.5 28.3 20.76
51.24 42.49 57.16
8.75376
4
US-16689 0.6 0.6 0.6 22.94 41.29 31.93
US-20582 23.54 0.6 0.6 27.1 36.25 27.98
US-20582 23.54 0.6 28.58 27.1 36.25 27.98
US-18009 0.6 0.6 32.53 20.76 28.3 22.5
58.21 55.4 57.16
10.7496
5
US-20582 0.6 0.6 0.6 36.25 27.1 27.98
US-20582 0.6 0.6 28.58 36.25 27.1 27.98
US-20582 0.6 27.7 0.6 36.25 27.1 27.98
US-20582 0.6 27.7 28.58 36.25 27.1 27.98
US-18009 36.85 0.6 0.6 20.76 22.5 28.3
37.45 55.4 61.08
8.01657
4
US-20582 0.6 0.6 0.6 36.25 27.1 27.98
US-20582 0.6 0.6 28.58 36.25 27.1 27.98
US-20582 0.6 27.7 0.6 36.25 27.1 27.98
US-294 0.6 27.7 28.58 34.27 22.67 31.9
46.54 55.77 35.47
6.10224
3
US-294 0.6 0.6 0.6 22.67 31.9 34.27
US-294 23.27 0.6 0.6 22.67 31.9 34.27
US-294 0.6 32.5 0.6 31.9 22.67 34.27
23.87 33.1 35.47
2.11357
1
US-294 0.6 0.6 0.6 22.67 31.9 34.27
