18
62.36 59.76 62.82
16.291
18
AU-11480 0.6 0.6 0.6 53.76 49.37 44.8
AU-28255 0.6 0.6 45.4 50.62 46.78 12.58
AU-31675 0.6 49.97 0.6 40.99 9.19 52.64
AU-16943 54.36 0.6 0.6 6.28 25.57 39.78
AU-24395 54.36 26.17 0.6 6.5 23.11 35.94
AU-16120 0.6 0.6 57.98 41.99 30.29 3.81
AU-18758 41.59 49.97 0.6 13.51 9.09 21.68
AU-18758 41.59 49.97 22.28 13.51 9.09 21.68
AU-12318 0.6 49.97 53.24 40.63 5.56 3.37
AU-12318 0.6 49.97 56.61 40.63 5.56 3.37
AU-12318 0.6 55.53 53.24 40.63 3.37 5.56
AU-12318 0.6 30.89 57.98 40.63 5.56 3.37
AU-12318 0.6 36.45 57.98 40.63 5.56 3.37
AU-12318 55.1 49.97 0.6 5.56 3.37 40.63
AU-12318 55.1 53.34 0.6 5.56 3.37 40.63
AU-23283 60.64 0.6 0.6 0.9 18.24 30.81
AU-23283 60.86 26.17 0.6 0.9 18.24 30.81
AU-23283 60.64 0.6 31.41 0.9 18.24 30.81
61.46 59.76 62.39
15.2535
8
AU-11480 0.6 0.6 0.6 53.76 49.37 44.8
AU-28255 0.6 0.6 45.4 50.62 46.78 12.58
AU-31675 0.6 49.97 0.6 40.99 9.19 52.64
AU-16943 54.36 0.6 0.6 6.28 25.57 39.78
AU-24395 54.36 26.17 0.6 6.5 23.11 35.94
AU-16120 0.6 0.6 57.98 41.99 30.29 3.81
AU-18758 41.59 49.97 0.6 13.51 9.09 21.68
AU-18758 41.59 49.97 22.28 13.51 9.09 21.68
61.46 59.76 62.39
14.6135
8
AU-11480 0.6 0.6 0.6 53.76 49.37 44.8
AU-28255 0.6 0.6 45.4 50.62 46.78 12.58
AU-31675 0.6 49.97 0.6 40.99 9.19 52.64
AU-24395 54.36 0.6 0.6 6.5 35.94 23.11
AU-24395 54.36 0.6 23.71 6.5 35.94 23.11
AU-16120 0.6 0.6 57.98 41.99 30.29 3.81
AU-18758 41.59 49.97 0.6 13.51 9.09 21.68
AU-18758 41.59 49.97 22.28 13.51 9.09 21.68
61.76 62.17 62.39
9.52973
6
AU-11480 0.6 0.6 0.6 53.76 49.37 44.8
AU-28255 0.6 0.6 45.4 50.62 46.78 12.58
AU-43 0.6 49.97 0.6 33.82 11.6 48.52
AU-4829 34.42 49.97 0.6 26.74 9.95 59.31
AU-24395 54.36 0.6 0.6 6.5 35.94 23.11
AU-16120 0.6 0.6 57.98 41.99 30.29 3.81
62.58 62.17 60.51
7.74544
6
AU-11480 0.6 0.6 0.6 53.76 49.37 44.8
AU-28255 0.6 0.6 45.4 50.62 46.78 12.58
AU-43 0.6 49.97 0.6 33.82 11.6 48.52
AU-4829 34.42 49.97 0.6 26.74 9.95 59.31
AU-16120 54.36 0.6 0.6 3.81 41.99 30.29
AU-16120 58.17 0.6 0.6 3.81 41.99 30.29
62.34 62.17 60.51
9.36226
5
AU-11480 0.6 0.6 0.6 53.76 49.37 44.8
AU-28255 0.6 0.6 45.4 50.62 46.78 12.58
AU-43 0.6 49.97 0.6 33.82 11.6 48.52
AU-4829 34.42 49.97 0.6 26.74 9.95 59.31
AU-23657 54.36 0.6 0.6 7.38 28.52 22.07
61.49 58.87 60.84
9.0318
6
AU-16946 0.6 0.6 0.6 59.4 45.09 20.73
AU-16946 0.6 0.6 21.33 59.4 45.09 20.73
AU-4641 0.6 0.6 42.06 54.31 41.57 18.18
AU-28255 0.6 45.69 0.6 46.78 12.58 50.62
AU-18758 47.38 45.69 0.6 13.51 9.09 21.68
AU-18758 47.38 45.69 22.28 13.51 9.09 21.68
61.49 58.87 60.84
7.7518
5
AU-16946 0.6 0.6 0.6 59.4 45.09 20.73
AU-16946 0.6 0.6 21.33 59.4 45.09 20.73
AU-4641 0.6 0.6 42.06 54.31 41.57 18.18
AU-28255 0.6 45.69 0.6 46.78 12.58 50.62
AU-18758 47.38 45.69 0.6 13.51 9.09 21.68
60.6 62.66 60.84
10.77
6
AU-16946 0.6 0.6 0.6 59.4 45.09 20.73
AU-16946 0.6 0.6 21.33 59.4 45.09 20.73
AU-4641 0.6 0.6 42.06 54.31 41.57 18.18
AU-9042 0.6 45.69 0.6 35.27 16.37 41.47
AU-14947 35.87 45.69 0.6 17.87 16.31 58.98
AU-20039 0.6 45.69 42.07 23.55 15.97 17.84
60.6 62.66 60.84
10.77
6
AU-16946 0.6 0.6 0.6 59.4 45.09 20.73
AU-16946 0.6 0.6 21.33 59.4 45.09 20.73
AU-4641 0.6 0.6 42.06 54.31 41.57 18.18
AU-9042 0.6 45.69 0.6 35.27 16.37 41.47
AU-14947 35.87 45.69 0.6 17.87 16.31 58.98
AU-20039 0.6 45.69 42.07 23.55 15.97 17.84
60.6 62.66 60.51
11.5356
6
AU-16946 0.6 0.6 0.6 59.4 45.09 20.73
AU-4641 0.6 0.6 21.33 54.31 41.57 18.18
AU-4641 0.6 0.6 39.51 54.31 41.57 18.18
AU-9042 0.6 45.69 0.6 35.27 16.37 41.47
AU-14947 35.87 45.69 0.6 17.87 16.31 58.98
AU-20039 0.6 45.69 42.07 23.55 15.97 17.84
55.51 60.89 60.5
9.2056
5
AU-4641 0.6 0.6 0.6 54.31 41.57 18.18
AU-25669 0.6 0.6 18.78 48.16 31.19 18.12
AU-25669 0.6 42.17 0.6 48.16 18.12 31.19
AU-5449 0.6 0.6 36.9 39.78 27.05 21.13
AU-15892 0.6 42.17 31.79 44.62 12.32 28.11
62.85 55.77 60.18
14.0295
7
AU-294 0.6 0.6 0.6 22.67 31.9 34.27
AU-294 23.27 0.6 0.6 22.67 31.9 34.27
AU-294 0.6 32.5 0.6 31.9 22.67 34.27
AU-5449 32.5 32.5 0.6 27.05 21.13 39.78
AU-14947 45.94 0.6 0.6 16.31 17.87 58.98
AU-18009 0.6 0.6 34.87 20.76 28.3 22.5
AU-20039 32.5 32.5 40.38 23.55 15.97 17.84
62.85 55.77 60.18
14.0295
7
AU-294 0.6 0.6 0.6 22.67 31.9 34.27
AU-294 23.27 0.6 0.6 22.67 31.9 34.27
AU-294 0.6 32.5 0.6 31.9 22.67 34.27
AU-5449 32.5 32.5 0.6 27.05 21.13 39.78
AU-14947 45.94 0.6 0.6 16.31 17.87 58.98
AU-18009 0.6 0.6 34.87 20.76 28.3 22.5
AU-20039 32.5 32.5 40.38 23.55 15.97 17.84
60.26 59.67 60.51
15.1021
7
AU-9042 0.6 0.6 0.6 16.37 35.27 41.47
AU-9042 16.97 0.6 0.6 16.37 35.27 41.47
AU-9042 33.34 0.6 0.6 16.37 35.27 41.47
AU-43 0.6 35.87 0.6 48.52 11.6 33.82
AU-43 0.6 47.47 0.6 48.52 11.6 33.82
AU-4829 49.71 0.6 0.6 9.95 26.74 59.31
AU-20039 0.6 0.6 42.07 15.97 23.55 17.84
61.57 60.18 58.24
15.136
9
AU-14947 0.6 0.6 0.6 16.31 58.98 17.87
AU-14947 0.6 0.6 18.47 16.31 58.98 17.87
AU-14947 0.6 0.6 36.34 16.31 58.98 17.87
AU-14947 16.91 0.6 0.6 16.31 58.98 17.87
AU-15892 16.91 0.6 18.47 12.32 44.62 28.11
AU-31324 33.22 0.6 0.6 8.54 55.54 32.36
AU-31324 41.76 0.6 0.6 8.54 55.54 32.36
AU-6272 50.3 0.6 0.6 10.67 49.03 28.52
AU-6272 50.3 0.6 29.12 10.67 49.03 28.52
62.18 50.23 49.88
9.61287
5
AU-6272 0.6 0.6 0.6 10.67 49.03 28.52
AU-23988 11.27 0.6 0.6 16.77 34.12 24.34
AU-23988 28.04 0.6 0.6 16.77 34.12 24.34
AU-23988 44.81 0.6 0.6 16.77 34.12 24.34
AU-23988 11.27 0.6 24.94 16.77 34.12 24.34
52 55.5 53.16
21.7689
9
AU-23988 0.6 0.6 0.6 24.34 16.77 34.12
AU-23988 24.94 0.6 0.6 24.34 16.77 34.12
AU-23988 0.6 17.37 0.6 24.34 16.77 34.12
AU-23988 24.94 17.37 0.6 24.34 16.77 34.12
AU-18009 0.6 34.14 0.6 28.3 20.76 22.5
AU-18009 28.9 34.14 0.6 22.5 20.76 28.3
AU-20039 0.6 34.14 23.1 23.55 17.84 15.97
AU-20039 28.9 34.14 28.9 15.97 17.84 23.55
AU-20039 0.6 0.6 34.72 23.55 15.97 17.84
